Taxon	Body girth gain (cm)	Hip height gain (cm)	Body weight gain (kg)	Average daily gain (kg)	Total serum protein (g/L)	Total scours score	LA	HA	ADLIB
Prevotella 9	0.265501622	0.18243926	0.178754865	0.127685849	0.011286899	0.147556788	0.353943186	0.382052668	0.610560505
Prevotella 2	0.281315787	0.207184826	0.217961895	0.174824743	-0.003882837	0.12656479	1.746271387	2.040842239	3.530577393
Lachnospiraceae UCG-004	0.311163427	0.217836456	0.231246237	0.178187931	0.054829038	0.135724532	0.175789285	0.129342168	0.191459463
Peptoclostridium	0.315577192	0.234560447	0.276577832	0.237301339	0.088019526	0.078707691	0.098039217	0.098369248	0.604840483
Subdoligranulum	0.288070497	0.227955081	0.259534778	0.228879892	-0.008857914	0.08757435	0.084581931	0.315661104	1.071787388
Faecalibacterium	0.40511072	0.313049487	0.343309646	0.292591372	-0.025103544	0.152432601	0.766748761	1.131548615	2.556360076
Phascolarctobacterium	0.358141619	0.265137374	0.26330155	0.204906167	-0.064806669	0.19426	0.35946583	0.472749977	0.62059023
Fournierella	0.235641549	0.192802207	0.252885453	0.240209063	0.07996211	-0.000395309	0.129336827	0.145682935	0.229101918
Holdemanella	0.241743071	0.202401142	0.282003794	0.276153181	0.121648495	-0.038057912	0.221176427	0.279353109	0.40987167
Lachnospiraceae unc 1	0.210893308	0.194038353	0.273660385	0.28014072	0.057742613	-0.05307894	0.143688061	0.216762406	0.383356906
Blautia	0.337512642	0.294969414	0.393461879	0.388179205	0.067449606	-0.025098376	2.741131484	4.415186688	6.444945428
Erysipelotrichaceae UCG-003	0.268001814	0.24474092	0.330513191	0.333680745	0.02933202	-0.034943995	0.139465221	0.14894204	0.405673288
Megamonas	0.232662676	0.224507432	0.288886908	0.295034628	-0.066491387	-0.007770085	0.04275527	0.063389712	0.542231381
Ruminococcus torques group	0.255794954	0.256357583	0.338617115	0.353285698	-0.079180255	-0.031958335	0.091463988	0.239143272	0.676626405
Lachnoclostridium	0.17355576	0.199784633	0.261466566	0.286096064	-0.15682966	-0.031601295	0.047740264	0.156381438	0.355889913
Peptococcus	0.222280102	0.237299188	0.350996275	0.382432987	0.00663307	-0.115892972	0.014190736	0.115815378	0.356027008
Streptococcus	0.157069223	0.170711684	0.246086277	0.268503697	-0.026782346	-0.071060894	0.141354516	0.347820962	1.676089543
Ruminococcus gauvreauii group	0.182733618	0.206460338	0.297189758	0.328067242	-0.058190264	-0.088348598	0.447691583	0.724829187	1.224803893
Sutterella	0.348392822	0.191297049	0.14749906	0.045650586	0.110566766	0.271560368	0.514420373	0.358997246	0.520408355
Prevotellaceae unc	0.283316492	0.164842103	0.138417626	0.062762292	0.077195168	0.202245688	0.220424856	0.129504831	0.195191349
Anaerovibrio	0.2500291	0.110709015	0.086878055	0.002351077	0.232116469	0.176162376	0.343097561	0.384730538	0.234634339
Bifidobacterium	0.119088426	0.024205583	0.047739586	0.002377468	0.366130199	0.007116268	0.857734464	1.158547546	0.370315662
Erysipelotrichaceae UCG-002	0.015838248	-0.025705475	0.007162488	-0.005555791	0.288531068	-0.064965575	0.206893209	0.10011508	0.021931852
Clostridium sensu stricto 1	-0.001295666	-0.021942633	0.061180668	0.073051152	0.385189735	-0.179060936	3.389757262	1.97492933	2.521369991
Terrisporobacter	-0.063995925	-0.021695482	0.085538661	0.137669642	0.255609762	-0.258960339	0.449100384	0.424471506	0.75877441
Turicibacter	-0.090066152	-0.041367371	0.072780355	0.130792412	0.285340565	-0.287518809	0.709958598	0.660176467	0.7446671
Romboutsia	-0.097357819	-0.019400542	0.103372206	0.178748754	0.185636258	-0.307009152	2.002881507	2.363895378	3.437143206
Paeniclostridium	-0.201102397	-0.094270772	-0.002019115	0.082923171	0.088744979	-0.297224203	0.796372959	0.773351659	0.731309238
Clostridioides	-0.302143759	-0.148900761	-0.048550946	0.065125497	0.036841928	-0.366133046	0.261735464	0.254781988	0.232506227
Muribaculaceae unc	-0.07958248	-0.124534584	-0.227609973	-0.275657109	-0.027497922	0.169909754	4.409509158	2.517069424	1.35794318
Rikenellaceae RC9 gut group	-0.086476696	-0.10489764	-0.230648844	-0.271122488	-0.222053575	0.216767374	3.276475509	3.294110748	1.807136418
Ruminococcaceae unc	-0.169753188	-0.046289385	-0.042267499	0.026496623	-0.336926725	-0.090985874	0.274003963	0.323286656	0.399749516
Eubacterium coprostanoligenes group	-0.226748688	-0.153901988	-0.236579276	-0.215019466	-0.312934497	0.056212972	2.607475524	2.646779513	1.848239599
Christensenellaceae R7 group	-0.297093918	-0.20983132	-0.270750128	-0.233932965	-0.208491948	-0.027708459	2.253138401	2.610110847	1.619723189
Ruminococcaceae UCG-010	-0.364282801	-0.25527814	-0.320079627	-0.271264403	-0.231295923	-0.054765568	2.043499706	1.387480431	0.591009202
Lachnoclostridium 10	-0.254453776	-0.205604966	-0.284207956	-0.272888155	-0.145732385	0.029789145	0.230212319	0.175960029	0.047986575
Clostridiales vadinbb60 group unc	-0.257148953	-0.200394164	-0.259636437	-0.239034413	-0.113279767	-0.012004568	0.380575718	0.131111999	0.071404946
Oscillibacter	-0.270682003	-0.216294631	-0.309248689	-0.298483545	-0.198589013	0.051733693	0.41559766	0.413344613	0.254155881
Ruminococcaceae UCG-013	-0.29390451	-0.22868466	-0.325316766	-0.309349536	-0.23029599	0.047662085	0.999215002	0.620639856	0.334341912
Mollicutes RF39	-0.251632782	-0.150894502	-0.152215033	-0.093944826	-0.13214889	-0.127484637	1.553865498	1.557516467	1.413493707
Bacteroidales unclassified	-0.279666972	-0.176030138	-0.195428889	-0.139696838	-0.168650594	-0.104468454	0.135656726	0.167594143	0.120607466
Peptococcaceae unc	-0.318008049	-0.191754825	-0.220321366	-0.154432236	-0.254167858	-0.104161922	0.573693346	0.608306704	0.354925915
Ruminococcaceae NK4A214 group	-0.365744484	-0.221652875	-0.224356944	-0.141053684	-0.183658239	-0.183860776	0.245205856	0.283154236	0.149492262
Ruminococcaceae UCG-005	-0.387806658	-0.257001808	-0.284556975	-0.213992788	-0.174583217	-0.144737409	11.86839463	12.16228939	8.542424921
Ruminococcaceae UCG-009	-0.390773939	-0.244731334	-0.265588263	-0.185413769	-0.220109258	-0.159105524	0.192066607	0.188317624	0.135599975
